1.3347796727988368e-06
2.668244862636768e-07
1.6074157439201086e-07
1.351610233664445e-07
1.1661248860372616e-07
9.164385005579384e-08
9.384763449770766e-08
1.179537780423718e-07
3.530957273238908e-07
1.8354106196816146e-07
1.566978532468442e-07
1.5505824499088394e-07
1.5261435088579724e-07
1.677810019034948e-07
1.70186503719555e-07
1.9540344066662322e-07
2.0169365078816676e-07
1.9503842329747008e-07
2.1268681952679698e-07
2.547926354314653e-07
2.2068695800952346e-07
3.0235700302392513e-07
2.2545630958572327e-07
2.5643784981375754e-07
2.5052330480348795e-07
3.592947623665341e-07
5.340524762843033e-07
4.7270093580744786e-07
4.816083171369425e-07
5.639349468785452e-07
5.991557173592733e-07
7.542292365147043e-07
7.596869852782926e-07
7.967385485914044e-07
8.191383166184774e-07
8.30947490855678e-07
7.366650913689226e-07
1.4956367324540607e-06
6.845190049589427e-07
8.152820647376644e-07
7.31129159396677e-07
1.0281205621144773e-06
7.951923154335325e-07
9.045073412873806e-07
7.056574477541436e-07
8.618271869840908e-07
7.211601260065113e-07
8.551442075460955e-07
8.514714114789584e-07
9.587700434792863e-07
1.3514172086445534e-06
8.548376191967039e-07
7.640636695677144e-07
8.476338977913514e-07
1.6147712272951619e-06
1.1060524720786964e-06
1.6581257088215476e-06
7.462995742668623e-07
1.4630761703295822e-06
1.5538019018048622e-06
1.3074721893814246e-06
1.6810211773168277e-06
1.4840019139898348e-06
2.277787126965108e-06
2.4259164697999242e-06
1.8318380342348019e-06
2.9947712494125363e-06
2.7388259348523496e-06
2.83984670727406e-06
2.690016537750235e-06
3.6788529280866226e-06
3.7828904350395246e-06
3.7358628120242055e-06
4.000891539462747e-06
2.51366658094885e-06
3.3770007000241896e-06
3.940594011080144e-06
3.406798736083229e-06
4.912462832959946e-06
5.425256249659716e-06
4.900212704200503e-06
5.475740735785524e-06
5.199796581376113e-06
6.705494516423937e-06
1.0561749433337233e-05
9.217080181769429e-06
1.06787916074871e-05
1.1383036466716981e-05
1.2000266897806897e-05
1.279978878537761e-05
1.3589167543955482e-05
1.4754995950798376e-05
1.745833515317645e-05
1.7075700013241967e-05
1.712197703764577e-05
1.6096632616218118e-05
1.8674924608244234e-05
1.5629353671295486e-05
1.7986731322369992e-05
2.0669213068221417e-05
1.559589787017476e-05
2.394546377086998e-05
2.4341952172438985e-05
2.4974765053138674e-05
2.0963936303133294e-05
2.67877542520044e-05
2.650204745009047e-05
2.5485807026078303e-05
2.7541098220268923e-05
2.9953978355786338e-05
2.9329072937772e-05
3.359395891796808e-05
3.234196347169261e-05
3.565686586754996e-05
3.650455295344194e-05
3.7907297650876184e-05
3.971556924260603e-05
4.170791444167328e-05
4.467314858525723e-05
4.5267988944929764e-05
4.731134925311787e-05
5.0700036705710526e-05
5.282435044881976e-05
5.462760192891034e-05
5.860662117095192e-05
6.191962689083552e-05
6.423615608503745e-05
6.818443433953157e-05
7.100089311068143e-05
7.322123608037279e-05
7.848313410391568e-05
8.771220276188115e-05
9.24619547335585e-05
9.848951914960995e-05
0.00010162252622340284
0.00010642456728751469
0.00011359909128689781
0.0001237943188458427
0.00013023261696713695
0.00013846428919532693
0.00014581688942562015
0.00015175473596697468
0.00015806584423288443
0.0001643361139370421
0.0001768424987287454
0.00018424025819840912
0.0001946696758977391
0.00020161854965776424
0.00020676344988121193
0.00021745490129577194
0.00023017153770629379
0.00024132639308997774
0.0002506284919527439
0.0002656667183774856
0.0002715688637800019
0.0002855797025126535
0.0002952647845215302
0.0003031363867648297
0.0003054447908384922
0.0003174628954343016
0.00030668086464080403
0.0002966000517469309
0.00019774155125395896
5.737299068993489e-05
5.952006977428651e-05
5.944325605156716e-05
5.918131028727723e-05
5.983210459313223e-05
6.018758862896186e-05
6.0559731116048176e-05
6.135143380670597e-05
6.370234736135826e-05
6.33883877855419e-05
6.224282106889109e-05
5.982780912313047e-05
6.004845649248967e-05
6.060985936860386e-05
6.0842826091371305e-05
5.91484178036127e-05
6.143739268206232e-05
6.123188106555447e-05
6.0826084806662835e-05
6.0038564100079057e-05
6.130463947407918e-05
6.479434161823353e-05
6.590382146750037e-05
6.531714903073765e-05
6.386564195303583e-05
6.365897791888519e-05
6.646045559212723e-05
6.806126153823428e-05
6.993050081477657e-05
7.048107037737369e-05
6.769526228719773e-05
6.402106563954412e-05
6.33142354287096e-05
6.032182358735424e-05
6.18661484230288e-05
6.161579956397495e-05
