2.7255804723906403e-06
2.9480029093992886e-06
2.571203150717211e-06
3.363427246417379e-06
3.1677611953636676e-06
3.3634895683855668e-06
4.359574737851495e-06
4.360553285574904e-06
4.393337431151325e-06
4.9658603377214025e-06
5.862306999766573e-06
6.663975483839765e-06
5.426984030094116e-06
5.501489848097951e-06
7.296060388998736e-06
7.858903285472462e-06
6.324592608842439e-06
8.431779914120547e-06
7.637876428358181e-06
9.365433385248813e-06
1.0383432026493988e-05
7.890440769744953e-06
9.383512358375939e-06
1.0164429134482447e-05
1.0049880703806885e-05
1.0471859843283705e-05
9.963484786073016e-06
1.1105057665296676e-05
1.0247084302067182e-05
1.1938664672291075e-05
9.723058595316238e-06
1.3854116800029306e-05
1.242001060896937e-05
1.1326730807433046e-05
1.334002397613181e-05
1.553123076876588e-05
1.3033677649520697e-05
1.3303325878746315e-05
1.5327550967680534e-05
1.5407108636910492e-05
1.344356255438722e-05
1.4734393178218587e-05
1.719030411641217e-05
1.7424880992043628e-05
1.5728801073989223e-05
1.7018944615847665e-05
1.6519044629372066e-05
1.6417604766960362e-05
1.7139908821872898e-05
1.6718888658410237e-05
1.719308671847871e-05
1.8817535192882206e-05
1.934650361378751e-05
2.0561990236979415e-05
2.0954847433965787e-05
2.103211408588487e-05
2.1874573019544653e-05
2.1889352175079382e-05
2.1259152046977386e-05
2.302500501180642e-05
2.230807282656046e-05
2.3044630563444753e-05
2.4188694199303577e-05
2.454619072274678e-05
2.5929114234790754e-05
2.6484869801128728e-05
2.7251577361103205e-05
2.785403809654341e-05
2.882374952074648e-05
3.159360212227328e-05
3.146459335318412e-05
3.304392823088453e-05
3.360780157038425e-05
3.437486735487236e-05
3.5127264354629845e-05
3.551974922253742e-05
3.322231404586337e-05
3.374694725107959e-05
3.6161873822028965e-05
3.770846700580468e-05
3.869869641051881e-05
4.038764933635965e-05
4.2620988731778744e-05
4.5019459610739784e-05
4.743246337881269e-05
4.760375303497302e-05
4.8793521820690314e-05
4.998969179216257e-05
5.2004867196326324e-05
5.4769445194878545e-05
5.568718537452145e-05
5.684670879397236e-05
5.799228319270649e-05
5.991605237832692e-05
6.002313389218816e-05
6.282896781621542e-05
6.406909159878682e-05
6.44820522099983e-05
6.638601738861714e-05
6.74854287498882e-05
6.919978972074179e-05
7.28860517908672e-05
7.316684758815297e-05
7.543792552617807e-05
7.424060468254548e-05
7.862425577132315e-05
7.967945872214774e-05
8.45230460612021e-05
8.868851534905153e-05
9.296758072464008e-05
9.703346059951926e-05
0.00010297402944976247
0.00010481081866945107
0.00011084019924339555
0.00011429022237337829
0.0001189130200985155
0.0001232323185281446
0.00012778357140122253
0.00013426066024125021
0.00013573671178108705
0.00013853747050129297
0.00014504396294016584
0.0001481438185861127
0.00015009380646387475
0.00015781953359615637
0.00016110259872619947
0.0001646680127289183
0.00017193043217398731
0.00017506021459393707
0.0001750215711377757
0.0001868560692848826
0.00019804653312665505
0.00020356683937725704
0.0002100639637318861
0.00021330461822860063
0.00021773850294024694
0.00022357186170601404
0.00023263273974703704
0.00023623849368661437
0.00024082481443095562
0.0002431685245053858
0.00024616870857381844
0.0002484346532450312
0.00025149361495788413
0.0002630046697038627
0.0002644269816740871
0.0002645124515894518
0.00026113234082688605
0.0002556463840297858
0.0002461524747744438
0.00023434788341981523
0.0002270467137305759
0.00022176261308165236
0.00022021063251509375
0.00022046093221906454
0.00022220898487164737
0.00022406652787396986
0.0002300534938474025
0.0002324809813028171
0.00023574244266700244
0.0002388701127014502
0.00024161029274442718
0.0002446987825594685
0.0002468276931186031
0.00024781920228625674
0.0002500274630173241
0.00025034809421664486
0.00025009220414344297
0.00024805854905706517
0.00024611008002001347
0.0002444192551416429
0.0002418251600779
0.00023938520342816006
0.0002378933510658451
0.00023309332671821677
0.0002266077786241489
0.00022016944232682882
0.00021599068907493228
0.0002108415000080485
0.00020808035962105228
0.00020581354159659646
0.00020438298822465564
0.00020491654510810208
0.00020682980662227148
0.00021091739471761997
0.0002158555303807114
0.00022274340952294972
0.00022742453821243618
0.0002318583119658061
0.00023828120639476027
0.0002481681708476843
0.00025430987895577154
0.00025591948028844727
0.00025654599974878295
0.0002583895051284555
0.0002615301233162229
0.000262297061537912
0.00026226838244829744
0.0002593565631891975
